24,3
24,2
24,1
24,0
23,4
23,3
23,1
23,0
22,3
22,1
22,0
21,3
21,1
21,0
20,3
20,1
20,0
19,3
19,1
19,0
18,3
18,1
18,0
17,3
17,1
17,0
15,3
15,1
15,0
14,3
14,1
14,0
13,3
13,1
13,0
12,3
12,1
12,0
11,3
11,1
11,0
10,3
10,1
10,0
9,3
9,1
9,0
8,3
8,1
8,0
7,3
7,1
7,0
6,4
6,3
6,1
6,0
5,3
5,1
5,0
4,3
4,1
4,0
2,3
2,1
2,0
1,3
1,1
1,0
16,1
16,3
16,0
0,9
0,310
0,305
0,308
0,304
0,303
0,302
0,307
0,12
0,10
0,8
0,0
0,300
0,299
0,298
0,297
0,296
0,295
0,294
0,293
0,292
0,291
0,290
0,289
0,288
0,287
0,286
0,285
0,284
0,283
0,282
0,281
0,280
0,279
0,278
0,277
0,276
0,275
0,274
0,273
0,272
0,271
0,270
0,269
0,268
0,267
0,266
0,265
0,264
0,263
0,262
0,261
0,260
